said_the EntRel 601 373 228 3760 13860 0.0176174809006006
said_, EntRel 453 291 162 3842 13926 0.0145661864651746
,_the EntRel 6062 1836 4226 2297 9862 0.0115052156981848
said_of EntRel 320 203 117 3930 13971 0.00982712099120774
,_said EntRel 462 259 203 3874 13885 0.0098000207324076
,_, EntRel 5153 1576 3577 2557 10511 0.00973242085527771
said_and EntRel 251 172 79 3961 14009 0.00961529724881804
from_from Conjunction 383 190 193 2878 14960 0.00889361785651306
said_to EntRel 327 197 130 3936 13958 0.00860241216296654
said_in EntRel 250 162 88 3971 14000 0.0081394308084877
$_$ Conjunction 830 306 524 2762 14629 0.00804636170802022
the_said EntRel 561 278 283 3855 13805 0.00795011214896431
million_from Conjunction 319 162 157 2906 14996 0.00786810817957188
$_from Conjunction 393 183 210 2885 14943 0.00764444129033458
or_from Conjunction 220 126 94 2942 15059 0.00742255232614715
of_said EntRel 307 177 130 3956 13958 0.00704592619110631
%_from Conjunction 248 132 116 2936 15037 0.00691464852131783
million_$ Conjunction 568 223 345 2845 14808 0.00666599346611196
said_a EntRel 293 168 125 3965 13963 0.00660474567493353
$_billion Conjunction 258 132 126 2936 15027 0.00647214084171494
from_% Conjunction 294 143 151 2925 15002 0.00643058841043876
million_billion Conjunction 155 96 59 2972 15094 0.00636469892530158
share_from Conjunction 223 119 104 2949 15049 0.00625297254587582
net_from Conjunction 147 92 55 2976 15098 0.00619454011973081
or_% Conjunction 179 103 76 2965 15077 0.00610147334037389
or_$ Conjunction 293 140 153 2928 15000 0.00609741817540121
of_, EntRel 3773 1147 2626 2986 11462 0.00609351050184384
million_to Conjunction 590 222 368 2846 14785 0.00603317013223799
$_% Conjunction 386 166 220 2902 14933 0.00594716431938872
of_the EntRel 4685 1370 3315 2763 10773 0.00590398221266884
said_is EntRel 135 97 38 4036 14050 0.00587975494722172
net_to Conjunction 144 89 55 2979 15098 0.00587970451341101
share_% Conjunction 207 111 96 2957 15057 0.00587570253884465
%_% Conjunction 512 199 313 2869 14840 0.00579724585137102
$_the EntRel 1310 483 827 3650 13261 0.00578889298269765
or_rose Conjunction 73 59 14 3009 15139 0.00574282449455562
from_rose Conjunction 91 67 24 3001 15129 0.00571029049709968
and_said EntRel 263 148 115 3985 13973 0.00558072532699085
$_rose Conjunction 112 75 37 2993 15116 0.00557690468645764
,_mr. EntRel 739 309 430 3824 13658 0.00556855872812038
from_billion Conjunction 175 98 77 2970 15076 0.00555964744123083
from_$ Conjunction 396 165 231 2903 14922 0.00554630982176683
share_rose Conjunction 77 60 17 3008 15136 0.00554290874030841
or_billion Conjunction 123 79 44 2989 15109 0.00552551604369508
,_is EntRel 1456 520 936 3613 13152 0.00551872637631408
million_% Conjunction 317 142 175 2926 14978 0.00549074654486401
$_to Conjunction 815 271 544 2797 14609 0.00545767036127847
share_to Conjunction 390 162 228 2906 14925 0.00540915441569287
million_the EntRel 888 352 536 3781 13552 0.00537004146815365
to_said EntRel 354 179 175 3954 13913 0.00531379579847532
million_rose Conjunction 91 65 26 3003 15127 0.00530438739329779
some_, Instantiation 341 89 252 1120 16760 0.00523079938632328
net_% Conjunction 111 72 39 2996 15114 0.00510905097327167
share_billion Conjunction 117 74 43 2994 15110 0.00505823326741763
net_$ Conjunction 201 102 99 2966 15054 0.00492044598455909
,_of EntRel 3516 1052 2464 3081 11624 0.00491395507334727
said_'s EntRel 134 90 44 4043 14044 0.0048129169217055
cent_from Conjunction 113 71 42 2997 15111 0.00480543426700344
said_at EntRel 91 70 21 4063 14067 0.00478840577188632
,_% Cause 852 58 794 3590 13779 0.00476553022791877
the_$ Cause 1311 121 1190 3527 13383 0.00474654980915828
a_from Conjunction 673 227 446 2841 14707 0.00471306162866829
said_share EntRel 80 64 16 4069 14072 0.00469241658817493
a_said EntRel 274 144 130 3989 13958 0.00466405229291296
some_'' Instantiation 70 38 32 1171 16980 0.00466093191576194
,_rose Conjunction 164 88 76 2980 15077 0.00465740262222787
a_rose Conjunction 138 79 59 2989 15094 0.00463731443367278
,_$ Cause 1202 107 1095 3541 13478 0.00462375906595564
share_$ Conjunction 372 149 223 2919 14930 0.00460277568280054
%_$ Conjunction 306 130 176 2938 14977 0.00452724222373657
%_billion Conjunction 129 75 54 2993 15099 0.00451016517052328
$_revenu Conjunction 136 77 59 2991 15094 0.00444187002535533
million_revenu Conjunction 126 73 53 2995 15100 0.00436605385539467
$_sale Conjunction 183 92 91 2976 15062 0.00436534858094824
or_revenu Conjunction 94 61 33 3007 15120 0.00433143892047851
share_revenu Conjunction 97 62 35 3006 15118 0.00430494284755247
million_, Cause 711 46 665 3602 13908 0.00418137794605327
to_rose Conjunction 116 68 48 3000 15105 0.00414208146110218
cent_$ Conjunction 167 85 82 2983 15071 0.00411862358715178
said_compani EntRel 99 70 29 4063 14059 0.00411303316945645
cent_% Conjunction 72 51 21 3017 15132 0.00411249228305365
said_$ EntRel 127 82 45 4051 14043 0.00406671948571581
net_billion Conjunction 85 56 29 3012 15124 0.00406626975194501
or_to Conjunction 427 157 270 2911 14883 0.00400479971980942
%_to Conjunction 563 191 372 2877 14781 0.0040033199028913
of_succe EntRel 39 38 1 4095 14087 0.00399845094437374
,_from Conjunction 998 291 707 2777 14446 0.0039543366732469
said_be EntRel 97 68 29 4065 14059 0.00393283502952988
million_sale Conjunction 153 79 74 2989 15079 0.00392186460953649
ar_in Instantiation 441 91 350 1118 16662 0.00388448993433383
said_said EntRel 175 100 75 4033 14013 0.0038821837450589
$_, Cause 1021 91 930 3557 13643 0.00387629731627797
to_from Conjunction 723 227 496 2841 14657 0.00385251707194513
to_% Conjunction 601 198 403 2870 14750 0.00383835871553108
,_and EntRel 2910 868 2042 3265 12046 0.00379891469773185
a_$ Cause 870 71 799 3577 13774 0.00379434512181277
from_to Conjunction 736 229 507 2839 14646 0.00378376059163804
of_mr. EntRel 494 208 286 3925 13802 0.00377806811039927
from_revenu Conjunction 103 61 42 3007 15111 0.00377575288995764
incom_to Conjunction 95 58 37 3010 15116 0.00376099873579536
year_from Conjunction 220 98 122 2970 15031 0.00373615115917334
cent_to Conjunction 131 70 61 2998 15092 0.00367937811391893
yield_ar EntRel 44 40 4 4093 14084 0.00367581249125105
a_% Conjunction 598 195 403 2873 14750 0.00367203817615689
,_succe EntRel 53 45 8 4088 14080 0.00365830258232542
in_said EntRel 251 126 125 4007 13963 0.00365803794994856
net_rose Conjunction 54 41 13 3027 15140 0.00364988680303669
or_sale Conjunction 97 58 39 3010 15114 0.00364386546296632
,_in EntRel 2845 846 1999 3287 12089 0.0036052918199501
%_rose Conjunction 95 57 38 3011 15115 0.00360016629923984
$_million Cause 462 22 440 3626 14133 0.00355248323478472
%_sale Conjunction 113 63 50 3005 15103 0.00354777556465088
wa_succe EntRel 35 34 1 4099 14087 0.00354329215299294
$_is EntRel 207 109 98 4024 13990 0.00353712213689678
some_of Instantiation 236 61 175 1148 16837 0.00353526200406185
share_sale Conjunction 102 59 43 3009 15110 0.00352172612796129
said_about EntRel 60 48 12 4085 14076 0.00351316397280368
incom_from Conjunction 83 52 31 3016 15122 0.0035068864783486
share_or Contrast 74 38 36 1649 16498 0.00348698478096204
net_sale Conjunction 73 48 25 3020 15128 0.00347749233039633
nov._the EntRel 79 57 22 4076 14066 0.00347269963127327
the_% Cause 919 82 837 3566 13736 0.00345954326123126
of_moodi EntRel 42 38 4 4095 14084 0.00345847802719281
a_revenu Conjunction 155 76 79 2992 15074 0.00345255635142343
million_million Cause 418 18 400 3630 14173 0.00344563251830239
of_$ Cause 809 67 742 3581 13831 0.00343278272171256
a_, EntRel 3317 959 2358 3174 11730 0.0034068802478361
million_at EntRel 170 94 76 4039 14012 0.00339970149816454
year_% Conjunction 210 92 118 2976 15035 0.00339596316007779
some_a Instantiation 237 60 177 1149 16835 0.00338807820921638
ar_, Instantiation 782 124 658 1085 16354 0.00338528848495354
rose_from Conjunction 77 49 28 3019 15125 0.00338309607310285
said_for EntRel 142 83 59 4050 14029 0.00337620487124134
of_is EntRel 1110 382 728 3751 13360 0.003366005026276
a_sale Conjunction 251 103 148 2965 15005 0.00333508098743639
million_or Contrast 90 41 49 1646 16485 0.0033021467341884
of_% Cause 640 46 594 3602 13979 0.00329414861498774
to_billion Conjunction 290 113 177 2955 14976 0.00327682155703205
,_billion Conjunction 348 128 220 2940 14933 0.00325740544341912
year_to Conjunction 505 167 338 2901 14815 0.00325589082543312
,_compani EntRel 649 247 402 3886 13686 0.00321367732617947
million_by EntRel 128 76 52 4057 14036 0.00319241705582596
share_cent Contrast 65 34 31 1653 16503 0.00318733359703429
compani_, EntRel 594 230 364 3903 13724 0.0031773527599852
note_the EntRel 116 71 45 4062 14043 0.00317074417872672
of_by EntRel 724 268 456 3865 13632 0.00314960840440127
--_price EntRel 48 40 8 4093 14080 0.00314266366860157
said_n't EntRel 112 69 43 4064 14045 0.00312158098818708
analyst_'' Instantiation 25 19 6 1190 17006 0.00311924373933063
or_or Contrast 108 44 64 1643 16470 0.00311443453492631
%_ar EntRel 115 70 45 4063 14043 0.00309177904484677
a_billion Conjunction 253 101 152 2967 15001 0.00308527242276487
cent_revenu Conjunction 56 39 17 3029 15136 0.00307309654668316
,_revenu Conjunction 179 80 99 2988 15054 0.00306850570928912
net_or Contrast 40 26 14 1661 16520 0.00304641290216493
compani_the EntRel 718 264 454 3869 13634 0.0030204734970267
,_sale Conjunction 318 117 201 2951 14952 0.00297684404486739
and_succe EntRel 35 32 3 4101 14085 0.00296054684751965
share_share Contrast 268 73 195 1614 16339 0.00295437331026962
earlier_from Conjunction 96 53 43 3015 15110 0.00294136294801285
the_, EntRel 6184 1635 4549 2498 9539 0.00293545108326539
cent_rose Conjunction 37 30 7 3038 15146 0.00293034973601959
the_rose Conjunction 180 79 101 2989 15052 0.00292643744472886
of_compani EntRel 511 201 310 3932 13778 0.0029231410140731
price_moodi EntRel 37 33 4 4100 14084 0.0029196601531129
$_share Contrast 218 64 154 1623 16380 0.002914505008082
million_price EntRel 106 65 41 4068 14047 0.00291363548031139
cent_cent Contrast 52 29 23 1658 16511 0.00291335566940324
$_and EntRel 466 187 279 3946 13809 0.00290538658570214
offer_the EntRel 284 129 155 4004 13933 0.00289669190143709
,_'s EntRel 1721 536 1185 3597 12903 0.00288561145778864
said_it EntRel 137 77 60 4056 14028 0.00288387655561045
from_sale Conjunction 125 62 63 3006 15090 0.00287612544809826
nine_$ Conjunction 86 49 37 3019 15116 0.00286033754321349
is_said EntRel 107 65 42 4068 14046 0.00285957799830755
%_the Instantiation 860 7 853 1202 16159 0.00285936977965905
presid_succe EntRel 34 31 3 4102 14085 0.00285185094648837
it_said EntRel 143 79 64 4054 14024 0.00285076352583295
in_% Cause 500 33 467 3615 14106 0.00282478214136325
rose_to Conjunction 136 65 71 3003 15082 0.00282391080306767
$_or Contrast 122 45 77 1642 16457 0.00281997233314993
some_in Instantiation 191 49 142 1160 16870 0.00281907561756708
year_$ Conjunction 283 106 177 2962 14976 0.00281025379201993
said_ha EntRel 91 58 33 4075 14055 0.0028046316415544
net_share Contrast 47 27 20 1660 16514 0.00279934716603639
incom_$ Conjunction 96 52 44 3016 15109 0.00279923143478893
thi_succe EntRel 31 29 2 4104 14086 0.00279417535431926
by_, EntRel 916 316 600 3817 13488 0.00278428918270952
note_, EntRel 87 56 31 4077 14057 0.00275994010670783
million_bond EntRel 60 44 16 4089 14072 0.00275920443613179
at_the EntRel 1128 374 754 3759 13334 0.00275371311920275
ar_a Instantiation 488 85 403 1124 16609 0.00274349661286614
million_share Contrast 166 53 113 1634 16421 0.00273340811969594
said_on EntRel 112 66 46 4067 14042 0.00273005352914727
of_& EntRel 176 90 86 4043 14002 0.00272620822743119
said_million EntRel 90 57 33 4076 14055 0.00272275797069778
loss_million Contrast 80 35 45 1652 16489 0.00270286986902781
nine_from Conjunction 72 43 29 3025 15124 0.00270241910748069
%_revenu Conjunction 72 43 29 3025 15124 0.00270241910748069
price_issu EntRel 74 50 24 4083 14064 0.00270098366885549
the_million Cause 768 71 697 3577 13876 0.0026781804835395
the_mr. EntRel 814 285 529 3848 13559 0.00266946698467491
presid_who EntRel 39 33 6 4100 14082 0.00265904462028355
the_moodi EntRel 39 33 6 4100 14082 0.00265904462028355
,_sai EntRel 293 129 164 4004 13924 0.00265397478346994
million_and EntRel 321 138 183 3995 13905 0.00265003291482127
nov._, EntRel 68 47 21 4086 14067 0.00264776287487091
from_million Conjunction 211 85 126 2983 15027 0.0026465921058353
analyst_of Instantiation 65 27 38 1182 16974 0.00263707758191794
net_revenu Conjunction 76 44 32 3024 15121 0.00263596098640333
$_bond EntRel 82 53 29 4080 14059 0.00263311590208194
$_said EntRel 94 58 36 4075 14052 0.00263253655459403
--_% EntRel 66 46 20 4087 14068 0.00263140351164044
ar_of Instantiation 574 93 481 1116 16531 0.00262561221766217
corp._the EntRel 237 110 127 4023 13961 0.00261550462256783
million_is EntRel 138 75 63 4058 14025 0.00261101336549786
a_the EntRel 4116 1128 2988 3005 11100 0.0026007658185581
in_$ Cause 683 60 623 3588 13950 0.00259997835154939
,_million Cause 690 61 629 3587 13944 0.00259865996457508
a_million Cause 497 35 462 3613 14111 0.0025937071335238
of_in EntRel 2111 629 1482 3504 12606 0.00259007419769771
cent_share Contrast 55 28 27 1659 16507 0.00256387853899985
said_will EntRel 88 55 33 4078 14055 0.00256058360355401
compani_and EntRel 366 151 215 3982 13873 0.00255792964990215
$_by EntRel 178 89 89 4044 13999 0.0025547844461402
to_sale Conjunction 237 91 146 2977 15007 0.00255180828451219
the_'' Instantiation 799 115 684 1094 16328 0.00254608032946941
million_yield EntRel 52 39 13 4094 14075 0.0025452149629401
cent_billion Conjunction 41 30 11 3038 15142 0.00253946711005365
said_stock EntRel 42 34 8 4099 14080 0.00253612149328811
nine_% Conjunction 64 39 25 3029 15128 0.00252945344563341
and_, EntRel 2827 808 2019 3325 12069 0.00252307986254684
yen_net Conjunction 19 19 0 3049 15153 0.00252043695653167
million_in EntRel 400 161 239 3972 13849 0.00251964764814359
%_bond EntRel 84 53 31 4080 14057 0.0025137489715876
said_mr. EntRel 75 49 26 4084 14062 0.00248527283200573
&_the EntRel 272 120 152 4013 13936 0.00248195381609489
some_at Instantiation 75 28 47 1181 16965 0.00246826237495421
secur_the EntRel 198 95 103 4038 13985 0.0024616244939648
price_rate EntRel 49 37 12 4096 14076 0.00244368931047916
price_& EntRel 49 37 12 4096 14076 0.00244368931047916
,_wa Cause 986 107 879 3541 13694 0.00244286544316741
earn_from Conjunction 77 43 34 3025 15119 0.00243546854196469
year_billion Conjunction 124 58 66 3010 15087 0.00242585844359749
the_the EntRel 7846 1999 5847 2134 8241 0.00241734110797685
cent_sale Conjunction 50 33 17 3035 15136 0.00241137899990398
nine_to Conjunction 69 40 29 3028 15124 0.00240394098431868
seri_price EntRel 22 22 0 4111 14088 0.00239576629747637
nov._of EntRel 56 40 16 4093 14072 0.00239280569268946
the_from Conjunction 1122 288 834 2780 14319 0.00238746720920092
some_said Instantiation 31 18 13 1191 16999 0.00238353909716071
some_sai Instantiation 39 20 19 1189 16993 0.0023791897970396
$_of EntRel 693 245 448 3888 13640 0.00237918053872751
ar_'' Instantiation 107 33 74 1176 16938 0.00237594410650255
which_, EntRel 378 152 226 3981 13862 0.00236929952390477
or_share Contrast 85 34 51 1653 16483 0.00236824675560887
some_& Instantiation 21 15 6 1194 17006 0.00236074623429639
chief_succe EntRel 27 25 2 4108 14086 0.00235516564478608
$_price EntRel 150 77 73 4056 14015 0.00235374455859016
cent_or Contrast 31 20 11 1667 16523 0.00234262968706094
loss_or Contrast 28 19 9 1668 16525 0.00233898468384222
loss_share Contrast 28 19 9 1668 16525 0.00233898468384222
price_bond EntRel 68 45 23 4088 14065 0.00233893210164383
of_'s EntRel 1236 393 843 3740 13245 0.00232280930434196
said_wa EntRel 85 52 33 4081 14055 0.00232148172300353
and_mr. EntRel 443 171 272 3962 13816 0.00231969259456073
the_revenu Conjunction 176 72 104 2996 15049 0.00231697950496373
at_moodi EntRel 29 26 3 4107 14085 0.00231308569180967
the_billion Conjunction 393 127 266 2941 14887 0.00231073296212848
bond_ar EntRel 78 49 29 4084 14059 0.00230512983062031
name_succe EntRel 24 23 1 4110 14087 0.00230470810963244
,_comment EntRel 64 43 21 4090 14067 0.00229954705804485
share_million Conjunction 214 82 132 2986 15021 0.002289226908907
due_price EntRel 53 38 15 4095 14073 0.00228881850075952
which_the EntRel 485 183 302 3950 13786 0.00228739843262488
ar_% Instantiation 124 35 89 1174 16923 0.00227642038183843
cent_million Conjunction 112 53 59 3015 15094 0.0022660948500572
million_of EntRel 500 187 313 3946 13775 0.00226186783810625
$_cent Contrast 84 33 51 1654 16483 0.00225145982911633
the_compani EntRel 748 258 490 3875 13598 0.00225106383302135
offic_succe EntRel 26 24 2 4109 14086 0.00224618659984885
price_p EntRel 26 24 2 4109 14086 0.00224618659984885
compani_said EntRel 89 53 36 4080 14052 0.00224148766347765
year_sale Conjunction 116 54 62 3014 15091 0.00224075693966055
the_& EntRel 260 113 147 4020 13941 0.00223732604372166
some_the Instantiation 414 71 343 1138 16669 0.00222490990848084
of_million Cause 473 36 437 3612 14136 0.002217974700592
said_with EntRel 70 45 25 4088 14063 0.00221404318846701
note_and EntRel 54 38 16 4095 14072 0.00221300585142109
or_million Conjunction 169 69 100 2999 15053 0.00221198401152945
%_moodi EntRel 28 25 3 4108 14085 0.00220642007481242
at_at Cause 320 17 303 3631 14270 0.00220526671195949
co._, EntRel 143 73 70 4060 14018 0.00220277066781401
said_by EntRel 75 47 28 4086 14060 0.00220098177241573
$_'s EntRel 357 143 214 3990 13874 0.00219875088062204
$_in EntRel 576 208 368 3925 13720 0.0021964903813455
net_million Conjunction 124 56 68 3012 15085 0.00219595326021819
some_to Instantiation 270 54 216 1155 16796 0.00219476505605277
the_comment EntRel 85 51 34 4082 14054 0.00219037830756568
chief_who EntRel 30 26 4 4107 14084 0.00217914541362217
by_is EntRel 275 117 158 4016 13930 0.00217483818177119
%_, Conjunction 676 189 487 2879 14666 0.0021716606095665
of_and EntRel 2151 626 1525 3507 12563 0.00216675046709818
and_the EntRel 3426 943 2483 3190 11605 0.00216364994712239
of_p EntRel 46 34 12 4099 14076 0.00216235438305435
the_sai Instantiation 358 64 294 1145 16718 0.00215998624523153
earlier_$ Conjunction 115 53 62 3015 15091 0.0021596721805379
of_at EntRel 705 244 461 3889 13627 0.00215767064831127
earlier_% Conjunction 83 43 40 3025 15113 0.00215643551878735
due_bond EntRel 44 33 11 4100 14077 0.00215356923475811
,_by EntRel 889 295 594 3838 13494 0.00215217726029852
execut_succe EntRel 25 23 2 4110 14086 0.00213756196681919
offic_who EntRel 25 23 2 4110 14086 0.00213756196681919
sai_, EntRel 224 100 124 4033 13964 0.0021371906489913
price_'s EntRel 145 73 72 4060 14016 0.00213112179965339
$_net Contrast 61 27 34 1660 16500 0.00212855311603745
$_ar EntRel 123 65 58 4068 14030 0.00212600347697927
at_, EntRel 943 309 634 3824 13454 0.00211870169748047
yen_from Conjunction 39 27 12 3041 15141 0.0021172519214427
loss_$ Contrast 108 37 71 1650 16463 0.00211688406327867
,_& EntRel 228 101 127 4032 13961 0.00211187723923702
nine_billion Conjunction 52 32 20 3036 15133 0.00211180874497131
,_who EntRel 332 134 198 3999 13890 0.00211153982020076
vice_, EntRel 67 43 24 4090 14064 0.00210945871917309
year_revenu Conjunction 69 38 31 3030 15122 0.00210904037068351
said_which EntRel 60 40 20 4093 14068 0.00210903450331932
or_cent Contrast 28 18 10 1669 16524 0.00210849479457025
million_year-earli Contrast 25 17 8 1670 16526 0.00210439075376449
price_s EntRel 27 24 3 4109 14085 0.00210017558432518
to_moodi EntRel 27 24 3 4109 14085 0.00210017558432518
1/8_to List 31 11 20 334 17856 0.00209773481646077
bond_bond EntRel 172 82 90 4051 13998 0.00209043449301791
of_s EntRel 58 39 19 4094 14069 0.00208962651972546
,_a EntRel 3222 890 2332 3243 11756 0.00208655237998607
presid_, EntRel 208 94 114 4039 13974 0.00207840641798946
million_'s EntRel 251 108 143 4025 13945 0.00207572763221362
note_issu EntRel 29 25 4 4108 14084 0.00207503814611038
some_'s Instantiation 114 32 82 1177 16930 0.00207400014033996
month_% Conjunction 101 48 53 3020 15100 0.00207089976956132
%_& EntRel 45 33 12 4100 14076 0.00206979322853372
year_rose Conjunction 67 37 30 3031 15123 0.00206342525322902
a_moodi EntRel 31 26 5 4107 14083 0.00205867156193305
million_a Cause 421 31 390 3617 14183 0.00205473820836649
,_moodi EntRel 33 27 6 4106 14082 0.00204889907194453
ar_the Instantiation 939 121 818 1088 16194 0.00204325368909274
billion_yen Conjunction 26 21 5 3047 15148 0.00204247614119812
chief_mr. EntRel 78 47 31 4086 14057 0.00203699303544211
yield_'s EntRel 52 36 16 4097 14072 0.00203573294281002
&_, EntRel 222 98 124 4035 13964 0.00202883267428338
to_$ Cause 822 89 733 3559 13840 0.00202504659158222
yield_price EntRel 59 39 20 4094 14068 0.00202417317108805
incom_rose Conjunction 33 24 9 3044 15144 0.00201897034886032
the_we Cause 373 133 240 3515 14333 0.00201856791984842
--_at EntRel 71 44 27 4089 14061 0.00201694072732602
earlier_to Conjunction 130 56 74 3012 15079 0.00200538785276053
of_chairman EntRel 64 41 23 4092 14065 0.00200495565328627
of_bond EntRel 146 72 74 4061 14014 0.00199914482696644
which_of EntRel 267 112 155 4021 13933 0.00199341425094089
,_he EntRel 696 238 458 3895 13630 0.00198999020501707
rose_billion Conjunction 46 29 17 3039 15136 0.0019863913352951
$_rate EntRel 62 40 22 4093 14066 0.00198285848344332
a_mr. EntRel 449 167 282 3966 13806 0.00197344059901431
n't_the Alternative 731 29 702 129 17361 0.00197335654018271
rose_rose Conjunction 41 27 14 3041 15139 0.001972184697734
million_seri EntRel 21 20 1 4113 14087 0.00197172604933861
month_billion Conjunction 66 36 30 3032 15123 0.00196945196109275
$_a Instantiation 644 6 638 1203 16374 0.00196837343244582
corp._, EntRel 185 85 100 4048 13988 0.00196627083632323
month_$ Conjunction 128 55 73 3013 15080 0.00196032193411446
said_price EntRel 38 29 9 4104 14079 0.00195112570929405
--_yield EntRel 32 26 6 4107 14082 0.00194905495724264
for_said EntRel 139 69 70 4064 14018 0.00194732986203293
--_bond EntRel 34 27 7 4106 14081 0.00194603616393198
,_at EntRel 988 317 671 3816 13417 0.00194458566883784
yield_and EntRel 58 38 20 4095 14068 0.00194000825677611
1989_price EntRel 18 18 0 4115 14088 0.00193963381545045
note_'s EntRel 49 34 15 4099 14073 0.00193109061923047
a_cent Contrast 90 32 58 1655 16476 0.00193039368203
bond_moodi EntRel 23 21 2 4112 14086 0.00192148840635178
chief_, EntRel 123 63 60 4070 14028 0.00191739975440228
chief_the EntRel 112 59 53 4074 14035 0.00191703257879312
offic_mr. EntRel 68 42 26 4091 14062 0.00191332274356617
$_compani EntRel 199 89 110 4044 13978 0.00191172637080952
million_net Contrast 50 23 27 1664 16507 0.00190317371379822
the_wa Cause 1173 147 1026 3501 13547 0.00190085735530523
%_bank EntRel 45 32 13 4101 14075 0.00190021609682884
,_later Asynchronous 62 17 45 626 17533 0.00189808928267183
incom_billion Conjunction 37 25 12 3043 15141 0.00189646043083273
for_from Conjunction 322 104 218 2964 14935 0.00188683964759568
at_said EntRel 71 43 28 4090 14060 0.00188392078373525
million_had Contrast 82 30 52 1657 16482 0.00188090462337809
net_net Contrast 25 16 9 1671 16525 0.0018746298883869
nine_rose Conjunction 30 22 8 3046 15145 0.00187408920948599
he_, Asynchronous 519 52 467 591 17111 0.00186984836657407
earn_revenu Conjunction 40 26 14 3042 15139 0.00186512604323323
nine_revenu Conjunction 40 26 14 3042 15139 0.00186512604323323
by_the EntRel 1142 356 786 3777 13302 0.00186219957626167
to_& EntRel 165 77 88 4056 14000 0.00185723495281746
which_said EntRel 37 28 9 4105 14079 0.00185642115483808
--_issu EntRel 29 24 5 4109 14083 0.00185600017784718
said_comment EntRel 29 24 5 4109 14083 0.00185600017784718
%_price EntRel 122 62 60 4071 14028 0.00185259487259541
when_, Asynchronous 267 35 232 608 17346 0.00185103126517505
coupon_, EntRel 31 25 6 4108 14082 0.00184982971381595
the_succe EntRel 31 25 6 4108 14082 0.00184982971381595
1_said EntRel 33 26 7 4107 14081 0.00184845842952215
billion_from Conjunction 78 39 39 3029 15114 0.00184523777453867
due_the EntRel 95 52 43 4081 14045 0.00184220827403523
$_& EntRel 67 41 26 4092 14062 0.00183432239399506
compani_mr. EntRel 77 45 32 4088 14056 0.00183365732540392
major_100 EntRel 17 17 0 4116 14088 0.00182611294723956
seri_yield EntRel 17 17 0 4116 14088 0.00182611294723956
execut_, EntRel 175 80 95 4053 13993 0.00182581563966392
yen_yen Conjunction 33 23 10 3045 15143 0.00182490281440013
million_cent Contrast 52 23 29 1664 16505 0.00182289929976452
%_million Conjunction 177 67 110 3001 15043 0.00182211100011148
rose_$ Conjunction 85 41 44 3027 15109 0.0018209389841471
in_from Conjunction 578 161 417 2907 14736 0.00181700745995712
said_ar EntRel 53 35 18 4098 14070 0.00181458244050925
mortgag_by EntRel 22 20 2 4113 14086 0.00181410488131954
$_seri EntRel 22 20 2 4113 14086 0.00181410488131954
corp._to EntRel 146 70 76 4063 14012 0.00181168317774286
said_were EntRel 65 40 25 4093 14063 0.0018098665959557
from_said EntRel 75 44 31 4089 14057 0.00180745832239569
bond_price EntRel 70 42 28 4091 14060 0.0018064184203503
offer_% EntRel 70 42 28 4091 14060 0.0018064184203503
wa_mr. EntRel 200 88 112 4045 13976 0.00180495994581731
co._the EntRel 188 84 104 4049 13984 0.00179973071965063
inc._the EntRel 182 82 100 4051 13988 0.00179828211586859
net_cent Contrast 23 15 8 1672 16526 0.00179374508923768
$_year-earli Contrast 23 15 8 1672 16526 0.00179374508923768
million_point EntRel 24 21 3 4112 14085 0.00178429609847155
par_at EntRel 24 21 3 4112 14085 0.00178429609847155
$_moodi EntRel 24 21 3 4112 14085 0.00178429609847155
note_rate EntRel 24 21 3 4112 14085 0.00178429609847155
due_ar EntRel 40 29 11 4104 14077 0.00178313177490033
wa_who EntRel 86 48 38 4085 14050 0.0017750124241781
will_said EntRel 56 36 20 4097 14068 0.00177388611740186
%_yen Conjunction 20 17 3 3051 15150 0.00177374367034779
's_said EntRel 165 76 89 4057 13999 0.00177058905549944
quarter_or Contrast 30 17 13 1670 16521 0.0017669686326772
at_and EntRel 486 174 312 3959 13776 0.00176641675497028
offer_offer EntRel 81 46 35 4087 14053 0.0017655886711233
price_by EntRel 89 49 40 4084 14048 0.00175901065242372
million_said EntRel 76 44 32 4089 14056 0.00175887820006542
for_billion Conjunction 146 58 88 3010 15065 0.00175806748735427
%_term EntRel 34 26 8 4107 14080 0.00175552210131542
for_$ Conjunction 430 127 303 2941 14850 0.00175350405765316
yield_bond EntRel 54 35 19 4098 14069 0.00175201414827521
yield_moodi EntRel 19 18 1 4115 14087 0.00175141286180491
bond_& EntRel 30 24 6 4109 14082 0.00175126559724195
said_product EntRel 30 24 6 4109 14082 0.00175126559724195
execut_who EntRel 30 24 6 4109 14082 0.00175126559724195
compani_of EntRel 425 156 269 3977 13819 0.00174917728706315
month_from Conjunction 97 44 53 3024 15100 0.00174609655575401
of_price EntRel 311 122 189 4011 13899 0.00174487073251414
net_a Contrast 92 31 61 1656 16473 0.00174481852534122
offer_of EntRel 163 75 88 4058 14000 0.0017424922884237
of_who EntRel 237 99 138 4034 13950 0.00173887106685649
at_issu EntRel 79 45 34 4088 14054 0.00173859562160548
,_chairman EntRel 103 54 49 4079 14039 0.00173678713109518
the_even Conjunction 228 79 149 2989 15004 0.0017333673256511
''_, EntRel 548 191 357 3942 13731 0.00173083999834544
million_issu EntRel 69 41 28 4092 14060 0.00172967265985021
$_had Contrast 98 32 66 1655 16468 0.00172406638951483
cent_a Contrast 98 32 66 1655 16468 0.00172406638951483
note_at EntRel 43 30 13 4103 14075 0.00172201707276185
due_to EntRel 82 46 36 4087 14052 0.00172029089535353
compar_from Conjunction 37 24 13 3044 15140 0.0017191212661588
earlier_rose Conjunction 37 24 13 3044 15140 0.0017191212661588
execut_mr. EntRel 90 49 41 4084 14047 0.00171662673918599
1_the EntRel 238 99 139 4034 13949 0.00171619643650144
billion_billion Conjunction 133 54 79 3014 15074 0.00171601994742972
n't_thei Alternative 95 11 84 147 17979 0.0017157731207153
to_term EntRel 57 36 21 4097 14067 0.00171487923209451
share_, Cause 457 40 417 3608 14156 0.00171428355142195
at_$ Cause 240 12 228 3636 14345 0.00171341262338687
mortgag_offer EntRel 16 16 0 4117 14088 0.00171283876067125
remic_by EntRel 16 16 0 4117 14088 0.00171283876067125
remic_offer EntRel 16 16 0 4117 14088 0.00171283876067125
wa_retir EntRel 16 16 0 4117 14088 0.00171283876067125
remic_% EntRel 16 16 0 4117 14088 0.00171283876067125
a_year-earli Contrast 31 17 14 1670 16520 0.00171069336360258
compar_$ Conjunction 48 28 20 3040 15133 0.0017094518761236
group_yield EntRel 21 19 2 4114 14086 0.00170720791139248
seri_bond EntRel 21 19 2 4114 14086 0.00170720791139248
million_moodi EntRel 21 19 2 4114 14086 0.00170720791139248
yield_& EntRel 21 19 2 4114 14086 0.00170720791139248
analyst_, Instantiation 99 27 72 1182 16940 0.00170335542778245
price_ar EntRel 93 50 43 4083 14045 0.00170327688701905
$_loss Contrast 69 26 43 1661 16491 0.00170049611024689
co._of EntRel 104 54 50 4079 14038 0.00169866069553118
incom_% Conjunction 66 34 32 3034 15121 0.00169648343393411
price_and EntRel 189 83 106 4050 13982 0.00169331967529122
due_'s EntRel 39 28 11 4105 14077 0.00169234606711379
due_at EntRel 55 35 20 4098 14068 0.00169199313671333
million_year Conjunction 145 57 88 3011 15065 0.00168940247821946
month_rose Conjunction 35 23 12 3045 15141 0.00167982352534913
from_yen Conjunction 23 18 5 3050 15148 0.00167930112258704
for_% Conjunction 318 100 218 2968 14935 0.00167863621481485
